phi	psi	cluster
-1.296614	2.370531	1
-1.511338	-0.570213	1
-2.371938	2.313760	1
-2.258944	1.963503	1
-1.259170	2.105960	1
-1.842084	-1.062512	1
-1.771746	2.187521	1
-2.512711	2.102471	1
-2.403030	2.659685	1
-1.829785	2.320666	1
-2.017124	3.129947	1
1.269690	-0.450515	1
-1.487427	2.605062	1
-1.570298	2.488378	1
-2.626018	2.921923	1
-0.841249	2.507612	2
-0.842724	-0.446035	2
-1.411080	0.286016	2
-1.521470	2.770053	2
-1.478889	2.602934	2
-1.211359	1.635598	2
-1.725112	1.906587	2
-2.041602	2.424909	2
-1.876201	1.742638	2
-1.754265	2.010250	2
-1.914455	1.853089	2
-2.101968	2.382771	2
-1.818571	1.999129	2
-1.316841	2.009511	2
-1.329947	-0.519881	2
-2.427104	2.891669	2
-1.294477	2.264084	2
-1.560267	2.299633	2
-1.785510	-0.471119	2
-1.650293	2.860153	2
-1.535437	2.406232	3
-1.530744	2.089859	3
-1.688016	1.763315	3
-1.531831	2.420221	3
-2.421205	2.547948	3
-1.839761	1.691518	3
-1.686690	1.844244	3
-1.639756	2.536854	3
-1.240277	2.025359	3
-1.206102	-0.957996	3
-2.414380	2.353385	3
-1.281364	-0.419033	3
-1.187862	-0.738219	3
-2.500448	1.799694	3
-1.196767	-0.196068	3
-1.205962	-0.146895	3
-1.462574	0.138981	3
-1.118819	2.549342	3
-2.465259	2.318127	3
-1.421465	2.355275	3
-1.742047	-1.102867	4
-2.306870	2.709722	4
-2.448593	2.126566	4
-1.793591	2.046430	4
-2.005182	2.286704	4
-1.970683	1.792342	4
-1.846897	1.974665	4
-1.718165	2.918932	4
-1.735774	1.942966	4
-1.331726	2.607481	4
1.094644	2.147893	5
2.696566	2.848181	5
-1.505243	1.847566	5
-1.776928	2.401046	5